image: /home/li/race.pgm
resolution: 0.050000
origin: [-0.933877, -7.175211, 0.0]
negate: 0
occupied_thresh: 0.65
free_thresh: 0.196
