image: race.pgm
resolution: 0.050000
origin: [-0.992613, -7.364815, 0.0]
negate: 0
occupied_thresh: 0.65
free_thresh: 0.196
